恩度网,60c8f00e2e5f624c,316107,272096,236515,274971,254138,219290,209011,209412,206041,200601,220925,215310,184226,205854,211259,200532,195783,224120,232633,206500,206066,215480,201046,183806,211160,221096,192307,185829,187649,190282,186492,194285,196601,160997,175100
手机梆梆,86ae3140a1e0bd81,0,2,0,25,0,0,0,0,0,51,29,0,0,15,0,2,1,4,2,0,10,31,20,0,2,28,43,2,0,2,2,2,0,0,10
多么市场,8f1280da894ffc6f,0,0,0,0,0,0,0,38,228,172,104,532,191,183,245,453,233,310,309,639,483,908,588,424,763,593,784,401,427,561,501,537,488,583,439
蜘蛛市场,500744a080e7d6b8,0,0,0,0,0,0,0,0,0,0,0,0,0,46,43,90,73,36,46,13,19,48,106,266,95,238,62,183,255,181,187,196,335,125,139
卓乐网,438e8ef81f83d5cd,0,2443,1724,2336,2367,1769,2416,1956,2032,2084,2487,2124,2507,2559,2449,2159,2137,2578,3405,3289,2959,3139,3077,2981,3779,3344,3995,3564,3149,3758,2549,4095,4254,2421,3380
﻿威尔邦臣（哇棒）,4c3133a8f9e4bd8a,0,0,0,0,0,0,0,0,0,0,0,0,0,0,0,0,0,0,0,0,0,0,0,0,0,0,0,0,0,0,0,0,0,0,0
哇麦,4e970b56c80f2ffc,0,3901,3750,4052,5325,5809,6337,6708,8465,8444,7480,6768,6500,7234,7791,7284,6772,6976,7567,6956,7651,8984,8120,6942,7505,8749,9357,9027,9127,9174,9926,8676,8564,8384,7547
百度,90513528ff09094b,0,0,0,0,0,0,0,0,0,0,0,0,0,0,0,0,0,0,0,0,0,0,0,0,0,0,0,0,0,0,0,0,0,0,0
天空,9ddae7d064748a2b,0,134,49,27,203,59,115,106,87,130,0,56,76,141,87,2,260,1176,2268,2188,2070,2606,2289,2397,2367,3251,3957,3428,4305,3211,3163,3073,2540,2442,2480
G友网,f6e6476e97eba6ba,0,100230,114782,152424,169733,159968,153106,119149,106994,122015,111862,130288,101764,125618,113661,136123,122942,148988,177973,172232,176247,189135,182394,177344,200425,238222,228061,233799,232826,229323,235406,239892,247201,220375,233102
卓恰,6d614f6ded150fb6,0,0,0,0,0,0,0,0,0,0,0,0,0,0,0,0,0,0,0,0,0,0,0,0,0,0,0,0,49,0,0,0,0,0,0
3G娃娃,37c73c5b0603e4a1,0,0,47,0,0,23,0,6,24,0,28,0,0,0,22,12,0,83,106,80,0,63,65,66,96,118,30,184,4,2,20,91,0,0,14
手机中国,a1d3b0a42af217b0,0,25,15,52,0,6,34,16,10,35,72,35,36,47,23,21,8,4,0,6,0,3,29,57,7,103,56,15,0,35,0,13,18,12,4
zol在线,43f364c0c0959ec1,0,2817,2149,3302,2389,2410,2036,1865,1902,1712,1519,2021,1278,1350,1645,1266,930,1286,1481,1182,1324,1426,1468,807,1071,1394,1016,1136,1084,811,1056,1026,1084,1021,778
万普世纪,82b3822d188fb254,0,0,0,0,0,0,0,0,0,0,0,0,0,0,0,0,0,0,0,0,0,0,0,0,0,0,0,0,0,0,0,0,0,0,0
安机市场,b44afc7a9d92a8ea,0,0,0,0,0,0,0,0,84,353,341,451,350,337,239,457,347,402,436,477,459,662,230,234,616,861,895,859,788,930,1788,1201,1445,682,693
魅族溜,c8b9f93c9567e22a,0,0,3,0,44,35,9,0,102,39,67,114,48,57,26,28,89,76,217,105,93,102,99,110,31,141,57,96,150,127,79,44,42,196,108
多特软件站,41407533f0ec3d80?,0,0,0,0,0,0,0,0,0,0,0,0,0,0,0,0,0,0,0,0,0,0,0,0,0,0,0,0,0,0,0,0,0,0,0
精品市场,556ad12604762cd9,0,0,0,0,0,0,0,8,0,0,0,0,0,0,0,10,29,0,0,13,0,0,2,10,6,12,104,82,131,121,60,29,44,0,15
艾米软件网,45e9685a2f88164e,0,8389,8493,8213,7647,7383,6732,8223,7750,7089,7240,6581,5797,5894,6392,5844,5684,7021,6359,5387,5904,6116,5164,4482,6153,5958,6155,5571,6367,5374,4966,4647,4925,5947,4893
当乐,21657fa7085033da,0,20029,18108,16709,16737,12724,14437,13326,12716,12141,13390,11887,9456,10138,9222,9271,10212,10421,9298,8346,9387,10107,7950,7563,7813,7599,7590,6418,6684,7208,6961,7290,7529,5249,6537
HOT市场,dceb8e9e1d38309b,0,830,918,570,785,805,823,814,1005,810,1173,1045,939,1197,888,844,569,729,778,789,1002,1369,1580,1553,1680,1621,1919,1471,1713,2064,1663,1771,1432,1475,1621
飞鹏网,99f3037fa321c908,0,0,0,0,0,0,0,0,0,0,0,0,0,0,0,0,0,0,0,0,0,0,0,0,0,0,0,0,0,0,0,0,0,0,0
下载吧,77540ab52a6a10a4,0,231,327,272,411,299,335,531,298,376,583,845,1141,1409,1305,1867,1506,1135,1186,1246,1554,808,1059,897,880,1128,613,568,975,1409,1161,1401,1273,1185,1175
掌软网,f6e384d17c971810,0,8,45,25,59,12,0,13,93,22,22,0,36,68,14,0,8,90,63,103,42,8,39,5,33,24,7,0,0,0,9,58,32,2,0
123HW,5fc9c6577711e849,0,0,0,0,0,0,0,0,0,0,0,2,4,0,0,0,0,0,0,0,0,0,96,8,43,18,8,96,4,40,0,0,25,8,0
搜应用,0e1e5e111b420629,0,0,0,0,0,0,0,0,0,0,2,0,0,0,0,0,0,0,0,0,0,0,0,0,0,0,0,0,0,6,6,44,14,0,0
安卓智能网,a69cfa7a7ace4e8e,0,37,82,89,68,7,7,28,11,712,1046,961,1357,1116,1643,1801,1893,2128,2055,2053,2176,2096,3109,2230,2232,2929,2731,2108,2466,3029,3882,7055,7203,6189,6149
魅锋,810262f6e600ff8a,0,0,0,0,0,0,0,0,0,0,0,0,0,0,0,0,0,0,0,0,0,0,0,0,0,0,0,0,0,0,0,0,0,0,0
tompda,c17ac6cd03380f14,0,11106,11787,10840,13610,11681,10762,11859,10705,10712,11534,11579,10705,10144,10709,10221,9962,11875,11917,10268,11142,11872,9965,10050,10936,12473,11295,11652,11096,11183,9246,10490,11112,8898,9183
飞拓无线,8ffc0374021f5961,0,0,0,0,0,0,0,0,0,0,0,0,0,0,0,0,0,0,0,0,0,0,0,0,0,0,0,0,0,0,0,0,0,0,0
第一手机市场,53f1c039577e510e,0,0,0,0,0,0,0,0,0,0,0,0,0,40,101,26,0,23,0,14,44,31,81,98,74,25,210,97,198,71,63,116,12,58,27
3G加油站,e83cba180046d585,0,109,102,58,253,171,291,378,440,421,316,295,414,247,453,196,221,268,213,249,89,39,58,56,37,87,70,97,31,60,19,28,51,35,119
12580,5b9c634760d14fe9,0,0,0,0,0,0,0,0,0,0,0,0,83,0,16,25,26,0,0,0,4,0,0,0,0,0,0,0,0,0,0,0,0,0,0
虫洞,7047ef16e2bc8c81,0,158,224,125,149,93,49,69,104,114,148,161,135,92,82,33,172,78,211,97,155,149,102,51,142,137,48,41,52,77,59,163,163,104,61
卓越手机网,96e8a42f311a4624,0,0,0,0,0,0,0,0,0,0,0,0,0,0,0,0,3,0,0,0,0,0,0,0,0,0,0,0,0,0,0,0,0,0,0
XDA,ddb1986d744c5dd0,0,543,618,1220,1497,983,1199,1421,1274,1125,1323,1198,828,1047,1374,1211,1231,1636,1307,1313,1806,1305,1261,1099,1431,1693,1394,1413,1394,1666,1248,1741,1309,1395,1125
安卓星空,02c0fefeb12f3a10,0,125640,94745,101462,100353,81838,81606,78609,73319,74556,72163,71975,61655,58351,55255,54432,55744,59441,61932,53850,52698,59005,48060,44916,49523,50072,40685,44704,42636,42212,42491,42973,41693,35819,35221
历趣,9fa05c4935389fa9,0,689,975,537,1198,1012,635,795,796,499,695,499,419,304,295,319,493,1022,648,1327,1001,1189,1032,768,801,724,487,259,788,447,570,738,959,577,497
巴士商店,8774213e688012af,0,0,0,0,0,0,0,0,0,0,0,0,0,0,0,0,0,0,0,0,0,0,0,0,0,0,0,0,0,0,0,0,0,0,0
电信,a79015eb7a411ec5,0,0,0,0,0,0,0,0,0,0,0,0,0,0,0,0,0,0,0,0,0,0,0,0,0,0,0,0,0,0,0,0,0,0,0
安卓软件园,73bd9676b9e25d72,0,0,0,0,0,0,0,0,0,0,0,0,0,8,104,314,70,274,242,112,336,247,303,224,486,548,372,424,423,318,239,484,313,128,167
安卓4S店,5d54244c343c3cd1,0,112,211,146,160,54,51,128,43,76,179,82,265,82,56,103,26,167,127,6,18,37,200,165,383,257,55,75,72,90,29,44,42,147,17
手机乐园,7d9ff85a9b30040d,0,0,0,0,0,0,0,0,0,0,0,0,0,0,0,0,0,0,0,0,0,0,0,0,0,0,0,0,0,0,0,0,0,0,0
木蚂蚁,b8277c48cdcdbd82,0,22368,18787,22423,20016,17834,23053,21323,20905,19903,21078,19775,20068,18215,18322,19318,19217,21802,24079,19410,21391,19713,19777,20288,24054,26932,23672,21157,22252,22117,22267,22080,23466,20121,21637
遨友,1ec64ab0fb7ea075,0,579,481,380,1319,694,723,717,779,655,658,915,774,592,650,959,681,589,783,743,608,802,580,559,550,1011,1000,562,621,1193,1033,824,648,739,599
宝软,788f756d80b393bd,0,7572,7027,8118,7087,6568,7426,8166,10291,12161,17863,18577,21824,20577,21607,17688,15155,16549,15263,15767,17848,18660,14476,14796,15514,15236,16319,14115,17246,16675,16170,14089,13522,13051,13145
机锋网,651534c27f514ca5,0,241744,214088,236263,231009,191585,203759,210007,217633,213520,242933,254351,220787,225334,221765,225221,218930,257654,279122,250534,261977,267979,239266,225932,272749,299667,252961,251865,248968,253006,249477,276327,282970,231720,250446
35797.com,32192ad2f512689d,0,135,242,1023,1005,1581,1090,1435,2179,13630,25528,24127,16327,13243,13526,11522,12310,14159,12292,10363,11870,10918,10601,9080,10668,8925,7998,8342,9816,8537,9200,9607,9383,8309,7228
安卓之家,4dbbece41f95e585?,0,0,0,0,0,0,0,0,0,0,0,0,0,0,0,0,0,0,0,0,0,0,0,0,0,0,0,0,0,0,0,0,0,0,0
安智市场,1133275aa6ac0891,0,0,0,0,0,0,0,0,0,0,0,0,0,0,37182,109477,122580,147015,190066,191476,210951,235428,209044,199576,245534,279596,271964,271813,279525,274068,274531,276100,295412,263577,278011
网讯,23e18c017c979253,0,0,0,0,0,0,0,0,0,0,0,0,0,0,0,0,0,0,0,0,0,0,0,0,0,0,0,0,0,0,0,0,0,0,0
架势,de05889aaa31b7b7,0,0,0,0,0,0,0,0,0,0,0,0,0,0,0,0,0,0,0,0,0,0,0,0,0,0,0,0,0,0,0,0,0,0,0
我查查,9ef005a211a2ee5f,0,83,4,5,6,5,0,0,10,9,29,9,17,4,14,0,3,0,0,0,6,13,7,0,5,0,0,16,0,0,16,51,89,0,0
网龙,38819fd26bc8c209,0,4107,4145,5685,5691,5045,4166,17174,43029,54880,69256,77803,71657,76078,83143,86269,91200,101983,118831,112761,112184,120215,111689,102091,123954,146921,137583,132295,141760,132188,135204,144059,143683,122654,130923
安卓巴士,b6ab0b11497ab4b5,0,74,62,104,54,450,950,1325,863,1368,1538,1958,1406,1364,938,699,782,1117,793,692,469,534,703,476,474,484,615,361,413,530,428,455,377,473,410
太平洋下载站,8e826d690023aa22,0,22,39,26,44,42,40,48,67,27,99,27,22,0,52,57,84,4,15,44,64,34,150,44,112,76,20,13,60,60,52,16,21,35,49
宝瓶网,78e28fd11990ea28,0,12,157,103,315,136,101,172,243,221,82,146,115,238,135,135,98,241,147,126,107,106,211,149,171,249,268,139,58,71,117,106,129,94,113
酷狗叮咚,8c373e22c3804634,0,25792,20358,26329,26520,23490,21905,23642,22924,23694,25109,26327,24038,24884,24437,23931,26115,28457,31197,27072,30189,30548,29100,26645,30531,27828,26327,29698,28727,28125,31328,32628,31756,29298,30245
手机之家,fba0932285218c5b,0,813,875,602,845,809,457,854,1046,782,865,651,864,827,513,616,686,859,1039,842,592,855,516,217,685,585,586,348,451,758,545,843,860,833,1005
麦地,3e99622301ac8b42,0,0,0,0,0,0,0,0,0,0,0,0,0,0,0,0,0,0,0,0,0,0,0,0,0,0,0,0,0,0,0,0,0,0,0
3G市场,bff21d988bd8759d,0,0,0,0,0,0,0,0,0,0,0,0,0,0,23263,33433,55486,50036,44023,41232,42818,46672,44640,51155,62633,74177,75788,74027,66153,66573,68551,69301,69399,59895,66593
百信手机网,cf2b63ce0965fdd9,0,260,178,66,86,148,107,365,336,201,174,352,303,316,314,299,456,414,384,707,365,778,351,555,296,736,686,549,652,530,369,331,222,628,356
爱卓网,761e0bd379675917,0,243,454,445,534,410,1321,556,564,377,531,568,501,421,487,566,332,498,894,542,488,506,825,706,877,687,262,545,599,657,648,668,584,469,314
十字猫,62ef119d9a13f0e0,0,0,0,0,0,0,0,9938,27518,36583,39551,40478,42389,49783,50587,52259,52188,53653,58674,59225,63616,69654,63563,63119,70972,74281,74527,79577,79983,77694,82330,77656,78781,74116,74389
天极下载,cb548ceaa01321ad,0,0,0,0,0,0,0,0,0,0,0,0,0,0,0,0,0,0,0,0,0,0,0,0,0,0,0,0,0,0,0,0,0,0,0
腾讯,352e7f78a0bc479b,0,231430,215939,256184,270932,252247,263671,270016,283761,277000,279716,273808,287318,318559,306474,278779,268517,280192,298670,285650,292486,327191,342436,288426,309201,334228,313416,311356,315861,314671,298221,298808,315852,308697,331177
安卓中文网,f04ebc167796e79b?,0,0,0,0,0,0,0,0,0,0,0,0,0,0,0,0,0,0,0,0,0,0,0,0,0,0,0,0,0,0,0,0,0,0,0
乐致网,a6fa523ec6e913f7,0,2674,2840,2860,2655,3060,2676,2530,2140,2571,2565,2435,2377,1798,2200,2305,2511,2175,2329,2208,2130,2089,2143,2161,2876,2515,2107,2472,2177,2781,3142,2526,2506,2360,2232
天网,530d5351db3e11e8,0,367255,321490,372267,394721,359141,361303,371921,386435,376655,381401,378663,345145,366818,365098,367926,365503,397586,429182,408001,418612,452532,424403,399797,437573,499603,481049,482420,493751,476032,481635,473330,470897,419429,443855
安致柚子网,19523611882f43cf,0,0,0,0,0,0,0,0,0,0,0,0,0,0,0,0,0,0,0,0,0,0,0,0,0,0,0,0,0,0,0,0,0,0,0
安卓软件网,858419683858d045,0,179,234,498,416,393,227,434,561,751,782,653,447,239,326,492,305,347,358,269,297,272,289,243,171,329,286,505,319,224,208,357,530,239,292
泡椒,f8ee37005930e36f,0,3443,3504,4395,5101,3933,4680,4088,4605,5149,4821,4163,3747,4354,4302,3960,4096,4270,4286,4937,4012,4580,4169,4690,4754,5818,4722,4095,3744,4170,4668,5748,5386,4356,5200
优酷wap站,0dd34e6431923a46,0,383173,351268,412737,436668,382024,400547,411541,421566,432609,451700,454410,404921,418120,419182,403719,421826,468685,515218,476573,488645,522435,478789,464985,527195,554824,516858,533847,538522,534272,516152,541278,563104,472609,499261
金山,5f39422e4e21c6ae,0,174135,162670,187715,191098,170221,172735,176277,187178,178774,198701,196986,195616,205912,178112,133063,111148,111136,106846,90870,91187,91959,74775,68655,67306,71428,61697,63587,60152,56394,54326,52852,56305,46782,48914
安卓软件分享社区,912dc97f561e76eb,0,0,0,0,0,0,0,0,0,0,0,0,0,0,0,5,0,0,49,7,12,51,42,84,90,0,66,99,126,70,72,136,78,28,9
5yy,a9db6ea8bcfa4803,0,284,627,1388,1483,1833,1342,1182,1765,1910,1540,1448,1638,1454,1783,1987,1370,1529,1084,1298,1335,2072,1854,1781,2607,2026,2763,2756,2918,2852,2284,3183,2659,3088,2980
哇噻,2e9ba55dee41aa21,0,0,0,0,0,0,0,0,0,0,0,0,0,0,0,0,0,0,0,0,0,0,0,0,0,0,0,0,0,0,0,0,0,0,0
绿色软件联盟,4c9b0a869c5330eb,0,3,0,0,0,0,0,0,0,0,0,0,0,0,0,0,0,0,0,0,2,0,66,5,17,0,30,65,0,29,35,0,19,2,0
手游155,a9db6ea8bcfa4803,0,284,627,1388,1483,1833,1342,1182,1765,1910,1540,1448,1638,1454,1783,1987,1370,1529,1084,1298,1335,2072,1854,1781,2607,2026,2763,2756,2918,2852,2284,3183,2659,3088,2980
掌上书院,cfecf37b9f72283e,0,0,0,0,0,0,0,0,13,55,38,73,6,37,28,104,22,40,59,33,153,318,259,150,208,288,178,107,236,248,167,150,278,360,346
有米,f3b36a6f44fb5280,0,6,0,0,0,0,0,0,5609,15653,21778,25951,25600,28308,30595,34888,25359,23659,21734,27356,29200,22421,19951,18500,18652,17774,17571,14814,14624,16599,21741,23403,23621,20007,18869
机趣网,a22093d1bb74b9b1,0,0,0,0,0,0,0,0,0,0,0,0,0,0,0,0,0,0,0,0,0,0,0,0,0,0,0,0,0,0,0,0,0,0,0
wap天涯,e40eee6d72eadea7,0,3,28,0,0,6,13,0,0,0,31,25,36,155,124,129,31,21,45,89,91,34,184,108,19,68,19,21,26,36,196,53,18,25,45
乐玩中国,3fa85a9cb6ba1a1d,0,50,52,34,222,88,84,116,60,91,181,37,132,61,157,38,94,96,175,57,46,98,57,41,168,86,85,72,49,23,120,32,72,45,8
开奇网,fe60d485a9d4d4d3,0,9214,6071,9709,8430,9094,10023,10521,11644,11281,12871,11490,11905,12718,12137,11284,12877,13053,15041,14272,12650,14244,12699,12645,14385,15706,15093,12678,13268,11821,12346,13826,13709,11569,13153
宜搜,8b3a0ab50cda2221,0,72,6,12,38,21,51,118,117,6,99,36,154,282,162,114,538,1257,1546,948,1835,2142,1460,1233,1008,1613,1450,997,1639,1549,1684,2140,1188,730,1080
手机软件园,fa0e1a2fd2d5462a,0,700,860,1106,1050,1273,1002,1414,1436,1250,1349,1209,912,904,895,1547,875,807,1011,1056,811,817,952,935,971,929,847,853,1004,950,881,917,1118,828,696
138chi,6c67e976f2db8b82,0,370,328,230,288,52,202,102,187,128,80,124,25,97,92,103,60,106,62,80,49,79,44,109,65,24,10,22,42,15,6,7,60,82,44
劲手,b2965d978cbd0433,0,0,0,0,0,0,0,0,0,0,0,0,0,0,0,0,0,0,0,0,0,0,0,0,0,0,0,0,0,0,0,0,0,0,0
eoe,a3fb0f02be93dd39,0,1368,1780,1649,1246,1710,1289,2284,2089,1565,1690,1912,1538,1941,2067,1912,2045,2526,2358,1964,2296,1628,1899,1828,2213,2676,1773,1835,2327,1743,2044,2453,2627,1903,2172
华军软件园,01a952bc409149bb,0,0,0,0,0,0,0,0,0,0,0,0,0,0,0,0,8,23,4,142,51,100,52,98,122,223,117,203,112,94,109,76,141,112,132
安丰市场,246431beb756cf2c,0,7731,6906,6629,6332,4925,5624,5434,5211,4886,5904,4738,4133,4183,4194,4448,3351,3899,3495,3559,3588,3512,3540,3350,3485,2832,2962,3033,3220,2781,3213,3002,3603,2805,2560
应用汇,f8c63448a19b130a,0,16469,49289,92787,117085,113275,128830,142573,141721,153218,177911,180843,159281,169084,174045,182900,175217,202562,229495,209222,216290,225961,221549,219316,261492,311248,275779,276587,292159,287591,279309,296373,310109,265810,272849
公信市场,a411f7aec57644a1,0,5,0,0,0,0,9,0,0,0,0,0,0,0,0,0,0,0,0,0,0,0,0,0,0,0,0,0,0,0,0,0,0,0,0
