恩度网,60c8f00e2e5f624c,12532,11209,10904,11287,10719,9645,9269,9167,8976,8855,9640,9371,8574,9314,9113,8780,8982,9811,10014,9218,9307,9341,9080,8538,9131,9548,8691,8565,8515,8393,8344,8942,9016,7867,8023
手机梆梆,86ae3140a1e0bd81,0,1,0,2,0,0,0,0,0,3,2,0,0,2,0,1,0,1,1,0,1,3,2,0,1,2,2,1,0,1,1,1,0,0,1
多么市场,8f1280da894ffc6f,0,0,0,0,0,0,0,5,7,5,9,14,10,8,14,13,12,17,16,17,12,25,26,20,15,20,17,17,15,19,24,27,22,24,25
蜘蛛市场,500744a080e7d6b8,0,0,0,0,0,0,0,0,0,0,0,0,0,3,5,8,4,4,4,2,3,6,7,8,6,10,4,8,14,8,13,13,17,8,12
卓乐网,438e8ef81f83d5cd,0,113,88,110,90,94,113,114,107,106,107,117,119,103,110,104,98,110,142,120,111,136,129,131,131,153,161,132,136,151,106,145,135,106,122
﻿威尔邦臣（哇棒）,4c3133a8f9e4bd8a,0,0,0,0,0,0,0,0,0,0,0,0,0,0,0,0,0,0,0,0,0,0,0,0,0,0,0,0,0,0,0,0,0,0,0
哇麦,4e970b56c80f2ffc,0,150,164,160,186,211,205,247,271,258,257,253,252,249,267,253,239,250,265,264,277,310,297,278,276,296,298,313,290,304,291,286,301,284,288
百度,90513528ff09094b,0,0,0,0,0,0,0,0,0,0,0,0,0,0,0,0,0,0,0,0,0,0,0,0,0,0,0,0,0,0,0,0,0,0,0
天空,9ddae7d064748a2b,0,6,5,2,7,3,4,3,4,4,0,6,4,4,3,1,21,40,70,71,67,74,81,84,101,109,110,94,119,96,107,120,112,105,102
G友网,f6e6476e97eba6ba,0,4676,5513,7150,8051,7834,7188,5382,4916,5378,4846,5511,4442,5222,4752,5389,4965,5886,6676,6633,6905,7445,7471,7249,7655,8548,8137,8348,8553,8460,8584,9269,9758,8876,9167
卓恰,6d614f6ded150fb6,0,0,0,0,0,0,0,0,0,0,0,0,0,0,0,0,0,0,0,0,0,0,0,0,0,0,0,0,1,0,0,0,0,0,0
3G娃娃,37c73c5b0603e4a1,0,0,1,0,0,2,0,1,3,0,1,0,0,0,2,1,0,3,2,1,0,3,3,1,2,5,1,3,1,1,1,2,0,0,1
手机中国,a1d3b0a42af217b0,0,1,1,2,0,1,1,2,1,2,3,4,2,2,2,4,1,1,0,1,0,1,3,5,2,2,5,2,0,2,0,1,2,1,1
zol在线,43f364c0c0959ec1,0,174,145,135,119,109,120,92,96,86,75,70,61,71,73,58,48,65,72,68,58,65,79,47,52,55,42,55,52,41,50,51,61,59,43
万普世纪,82b3822d188fb254,0,0,0,0,0,0,0,0,0,0,0,0,0,0,0,0,0,0,0,0,0,0,0,0,0,0,0,0,0,0,0,0,0,0,0
安机市场,b44afc7a9d92a8ea,0,0,0,0,0,0,0,0,7,19,24,24,19,19,19,24,23,27,23,29,25,31,20,27,30,38,27,35,37,34,32,33,37,29,31
魅族溜,c8b9f93c9567e22a,0,0,1,0,2,4,2,0,6,3,4,4,3,4,2,3,2,3,6,4,5,4,2,8,5,5,4,5,3,7,4,5,2,3,7
多特软件站,41407533f0ec3d80?,0,0,0,0,0,0,0,0,0,0,0,0,0,0,0,0,0,0,0,0,0,0,0,0,0,0,0,0,0,0,0,0,0,0,0
精品市场,556ad12604762cd9,0,0,0,0,0,0,0,1,0,0,0,0,0,0,0,2,4,0,0,0,0,0,1,1,1,2,2,3,3,4,3,2,3,0,4
艾米软件网,45e9685a2f88164e,0,515,486,516,451,458,446,502,473,481,442,417,396,383,389,364,375,410,402,372,388,409,374,333,374,380,382,356,386,340,311,327,338,308,312
当乐,21657fa7085033da,0,860,725,684,672,557,579,548,493,494,520,481,402,439,407,396,386,428,363,364,383,396,343,340,337,340,306,295,306,301,290,313,305,242,256
HOT市场,dceb8e9e1d38309b,0,45,43,47,51,47,46,52,41,56,64,65,67,47,45,51,43,49,51,53,72,97,114,97,104,100,108,94,113,130,92,101,91,91,96
飞鹏网,99f3037fa321c908,0,0,0,0,0,0,0,0,0,0,0,0,0,0,0,0,0,0,0,0,0,0,0,0,0,0,0,0,0,0,0,0,0,0,0
下载吧,77540ab52a6a10a4,0,11,23,15,19,17,13,20,13,18,29,39,41,33,34,47,49,44,48,46,54,38,37,32,42,33,31,23,32,48,48,40,62,49,47
掌软网,f6e384d17c971810,0,2,2,1,1,1,0,1,3,2,2,0,2,2,1,0,1,1,2,3,3,1,4,2,2,2,1,0,0,0,1,3,2,1,0
123HW,5fc9c6577711e849,0,0,0,0,0,0,0,0,0,0,0,1,0,0,0,0,0,0,0,0,0,0,2,1,1,2,2,2,1,1,0,0,1,2,0
搜应用,0e1e5e111b420629,0,0,0,0,0,0,0,0,0,0,0,0,0,0,0,0,0,0,0,0,0,0,0,0,0,0,0,0,0,1,1,1,1,0,0
安卓智能网,a69cfa7a7ace4e8e,0,4,7,5,8,2,2,4,3,37,53,64,74,65,84,93,98,113,118,123,126,117,144,116,132,166,159,136,136,146,213,324,329,300,316
魅锋,810262f6e600ff8a,0,0,0,0,0,0,0,0,0,0,0,0,0,0,0,0,0,0,0,0,0,0,0,0,0,0,0,0,0,0,0,0,0,0,0
tompda,c17ac6cd03380f14,0,523,503,517,571,485,453,510,497,468,502,483,446,448,463,452,449,474,498,464,473,497,460,468,473,487,458,447,442,428,374,451,433,376,402
飞拓无线,8ffc0374021f5961,0,0,0,0,0,0,0,0,0,0,0,0,0,0,0,0,0,0,0,0,0,0,0,0,0,0,0,0,0,0,0,0,0,0,0
第一手机市场,53f1c039577e510e,0,0,0,0,0,0,0,0,0,0,0,0,0,2,3,2,0,1,0,4,2,2,2,3,1,3,8,4,5,3,3,7,4,3,3
3G加油站,e83cba180046d585,0,8,9,7,18,6,11,9,15,10,6,5,8,3,8,7,6,4,6,9,8,6,10,6,4,9,5,6,6,7,4,5,7,5,10
12580,5b9c634760d14fe9,0,0,0,0,0,0,0,0,0,0,0,0,6,0,2,3,3,0,0,0,1,0,0,0,0,0,0,0,0,0,0,0,0,0,0
虫洞,7047ef16e2bc8c81,0,8,12,10,9,5,5,4,6,12,8,8,8,7,5,4,10,8,10,3,5,11,8,7,9,7,3,7,8,6,5,10,10,8,6
卓越手机网,96e8a42f311a4624,0,0,0,0,0,0,0,0,0,0,0,0,0,0,0,0,1,0,0,0,0,0,0,0,0,0,0,0,0,0,0,0,0,0,0
XDA,ddb1986d744c5dd0,0,27,34,44,45,50,50,47,48,50,53,58,42,35,47,56,48,60,52,47,54,55,51,54,42,53,45,51,56,52,47,49,55,49,40
安卓星空,02c0fefeb12f3a10,0,5254,4354,4407,4194,3640,3463,3425,3285,3186,3140,3098,2678,2592,2478,2412,2464,2559,2615,2304,2347,2491,2125,2064,2096,2023,1799,1878,1862,1741,1811,1822,1817,1518,1525
历趣,9fa05c4935389fa9,0,42,41,23,51,50,38,32,31,23,41,28,26,23,21,25,19,28,22,31,33,39,27,31,25,24,23,19,35,23,25,28,33,27,30
巴士商店,8774213e688012af,0,0,0,0,0,0,0,0,0,0,0,0,0,0,0,0,0,0,0,0,0,0,0,0,0,0,0,0,0,0,0,0,0,0,0
电信,a79015eb7a411ec5,0,0,0,0,0,0,0,0,0,0,0,0,0,0,0,0,0,0,0,0,0,0,0,0,0,0,0,0,0,0,0,0,0,0,0
安卓软件园,73bd9676b9e25d72,0,0,0,0,0,0,0,0,0,0,0,0,0,2,8,3,5,12,10,13,18,15,17,14,16,17,21,16,15,16,13,19,13,7,11
安卓4S店,5d54244c343c3cd1,0,5,7,7,6,4,5,6,4,5,6,8,10,6,6,6,2,6,8,2,2,4,6,4,15,12,3,5,7,5,3,4,4,6,4
手机乐园,7d9ff85a9b30040d,0,0,0,0,0,0,0,0,0,0,0,0,0,0,0,0,0,0,0,0,0,0,0,0,0,0,0,0,0,0,0,0,0,0,0
木蚂蚁,b8277c48cdcdbd82,0,972,899,1019,969,843,1062,958,959,924,938,924,880,871,862,902,890,1001,1033,938,949,968,954,941,1034,1081,1010,961,992,964,959,996,1036,922,955
遨友,1ec64ab0fb7ea075,0,21,29,24,41,35,41,33,34,34,32,42,23,31,28,34,35,38,39,34,30,45,41,37,42,43,40,30,39,43,40,35,43,37,33
宝软,788f756d80b393bd,0,296,253,239,256,261,294,281,411,478,598,629,693,711,692,599,520,533,524,511,542,587,551,520,500,513,484,477,532,513,478,463,450,455,441
机锋网,651534c27f514ca5,0,12166,10991,11310,10941,9618,10260,10468,10826,10814,11735,12292,11001,11150,11298,11232,11424,12803,13390,12476,12802,13155,12189,11413,12699,13232,11504,11626,11734,11669,11617,12775,13305,11575,11850
35797.com,32192ad2f512689d,0,14,27,73,59,87,75,96,107,696,1112,866,677,552,526,463,512,531,468,429,438,432,426,385,393,355,323,352,370,351,355,357,367,347,294
安卓之家,4dbbece41f95e585?,0,0,0,0,0,0,0,0,0,0,0,0,0,0,0,0,0,0,0,0,0,0,0,0,0,0,0,0,0,0,0,0,0,0,0
安智市场,1133275aa6ac0891,0,0,0,0,0,0,0,0,0,0,0,0,0,0,2009,4665,5041,5906,7340,7391,8033,8882,8476,8220,9162,10283,9702,10011,10252,10226,10052,10609,11257,10502,11025
网讯,23e18c017c979253,0,0,0,0,0,0,0,0,0,0,0,0,0,0,0,0,0,0,0,0,0,0,0,0,0,0,0,0,0,0,0,0,0,0,0
架势,de05889aaa31b7b7,0,0,0,0,0,0,0,0,0,0,0,0,0,0,0,0,0,0,0,0,0,0,0,0,0,0,0,0,0,0,0,0,0,0,0
我查查,9ef005a211a2ee5f,0,3,1,1,1,1,0,0,1,2,2,1,2,0,1,0,1,0,0,0,1,2,1,0,1,0,0,3,0,0,2,1,4,0,0
网龙,38819fd26bc8c209,0,416,408,514,472,447,431,1133,2307,2875,3386,3591,3566,3712,3944,4135,4381,4751,5416,5147,5226,5671,5351,5138,5711,6265,5880,5860,6057,5971,5899,6352,6436,5792,6023
安卓巴士,b6ab0b11497ab4b5,0,4,4,4,5,27,48,49,52,50,66,67,60,52,47,38,39,39,34,33,23,25,27,33,25,26,34,27,25,26,21,24,24,20,20
太平洋下载站,8e826d690023aa22,0,0,4,2,2,5,2,2,7,4,5,3,1,0,5,7,3,1,2,4,5,1,5,5,3,3,3,2,6,3,2,1,2,3,2
宝瓶网,78e28fd11990ea28,0,1,4,5,14,9,11,10,16,14,8,9,10,10,12,14,8,9,10,10,8,6,10,6,6,13,13,7,3,4,7,8,8,8,10
酷狗叮咚,8c373e22c3804634,0,919,841,901,860,867,821,879,901,933,976,1022,932,985,926,942,1052,1106,1215,1103,1187,1217,1234,1148,1185,1099,1082,1210,1185,1130,1187,1183,1240,1154,1190
手机之家,fba0932285218c5b,0,35,43,33,51,34,31,44,35,33,35,33,41,38,32,40,35,50,41,45,35,42,39,20,30,33,24,25,34,28,39,43,38,37,39
麦地,3e99622301ac8b42,0,0,0,0,0,0,0,0,0,0,0,0,0,0,0,0,0,0,0,0,0,0,0,0,0,0,0,0,0,0,0,0,0,0,0
3G市场,bff21d988bd8759d,0,0,0,0,0,0,0,0,0,0,0,0,0,0,891,1181,2132,1886,1727,1594,1634,1763,1790,2040,2408,2708,2726,2657,2431,2406,2428,2538,2594,2477,2553
百信手机网,cf2b63ce0965fdd9,0,14,7,9,8,13,8,19,22,18,18,20,16,24,19,18,23,18,15,29,21,33,23,29,20,25,30,27,34,26,24,22,18,21,24
爱卓网,761e0bd379675917,0,21,25,37,38,36,47,27,43,25,30,31,30,21,36,35,26,35,41,31,44,35,43,50,49,35,24,42,37,43,33,43,31,25,39
十字猫,62ef119d9a13f0e0,0,0,0,0,0,0,0,562,1235,1606,1712,1835,1958,2125,2282,2283,2253,2284,2429,2504,2671,2833,2887,2822,2927,2913,3042,3133,3132,3126,3178,3082,3174,3073,3105
天极下载,cb548ceaa01321ad,0,0,0,0,0,0,0,0,0,0,0,0,0,0,0,0,0,0,0,0,0,0,0,0,0,0,0,0,0,0,0,0,0,0,0
腾讯,352e7f78a0bc479b,0,8547,8436,9428,9754,9468,9793,10008,10480,10059,9934,10318,11495,12327,11698,10598,10400,10814,11537,10994,11201,12541,13850,11519,11793,12373,11433,11565,11861,11515,10896,11329,11989,12169,12762
安卓中文网,f04ebc167796e79b?,0,0,0,0,0,0,0,0,0,0,0,0,0,0,0,0,0,0,0,0,0,0,0,0,0,0,0,0,0,0,0,0,0,0,0
乐致网,a6fa523ec6e913f7,0,131,149,146,135,131,136,110,91,130,131,130,100,101,101,112,113,107,106,102,113,116,112,119,126,108,97,112,110,109,112,104,107,94,90
天网,530d5351db3e11e8,0,14036,12916,14222,14991,14158,14123,14351,14714,14432,14545,14553,13786,14035,14165,14024,14166,15241,16283,15641,16272,17282,16827,15861,16693,17978,17229,17383,17861,17153,17233,17540,17797,16476,16908
安致柚子网,19523611882f43cf,0,0,0,0,0,0,0,0,0,0,0,0,0,0,0,0,0,0,0,0,0,0,0,0,0,0,0,0,0,0,0,0,0,0,0
安卓软件网,858419683858d045,0,13,19,21,19,18,12,21,38,44,32,32,22,14,19,17,21,22,20,15,24,19,19,20,10,17,14,15,18,13,9,15,22,11,16
泡椒,f8ee37005930e36f,0,251,288,323,313,295,345,315,325,367,345,308,274,329,333,310,305,341,337,343,318,354,335,339,345,391,332,313,305,303,359,413,412,351,404
优酷wap站,0dd34e6431923a46,0,14183,13644,15293,15983,14697,15238,15437,16025,16527,16786,17142,15805,16307,15479,15381,16258,17917,19380,18112,18709,19943,19040,18500,19519,19262,18586,19228,19588,19128,18427,19862,20422,17992,18781
金山,5f39422e4e21c6ae,0,6728,6413,7116,7320,6626,6805,6853,7076,6962,7221,7589,7366,7788,6729,4934,4285,4171,4080,3528,3428,3420,2994,2729,2664,2676,2347,2348,2251,2227,2065,2017,2067,1835,1855
安卓软件分享社区,912dc97f561e76eb,0,0,0,0,0,0,0,0,0,0,0,0,0,0,0,1,0,0,2,1,1,3,5,3,3,0,2,5,4,6,5,7,5,4,2
5yy,a9db6ea8bcfa4803,0,18,30,54,63,55,57,60,70,66,68,64,62,58,61,59,55,52,48,49,44,62,64,69,83,89,97,81,98,91,83,94,99,74,107
哇噻,2e9ba55dee41aa21,0,0,0,0,0,0,0,0,0,0,0,0,0,0,0,0,0,0,0,0,0,0,0,0,0,0,0,0,0,0,0,0,0,0,0
绿色软件联盟,4c9b0a869c5330eb,0,1,0,0,0,0,0,0,0,0,0,0,0,0,0,0,0,0,0,0,1,0,3,1,1,0,1,1,0,2,2,0,1,1,0
手游155,a9db6ea8bcfa4803,0,18,30,54,63,55,57,60,70,66,68,64,62,58,61,59,55,52,48,49,44,62,64,69,83,89,97,81,98,91,83,94,99,74,107
掌上书院,cfecf37b9f72283e,0,0,0,0,0,0,0,0,2,5,4,5,1,5,2,4,3,6,6,4,10,10,15,10,10,13,11,12,11,11,11,12,20,17,11
有米,f3b36a6f44fb5280,0,1,0,0,0,0,0,0,533,1082,1339,1484,1535,1686,1772,1849,1099,986,946,1563,1288,974,883,792,778,769,715,622,624,723,778,861,931,783,831
机趣网,a22093d1bb74b9b1,0,0,0,0,0,0,0,0,0,0,0,0,0,0,0,0,0,0,0,0,0,0,0,0,0,0,0,0,0,0,0,0,0,0,0
wap天涯,e40eee6d72eadea7,0,1,2,0,0,1,1,0,0,0,2,2,3,4,6,4,3,2,1,4,1,2,2,6,3,2,3,2,3,5,4,4,2,3,3
乐玩中国,3fa85a9cb6ba1a1d,0,6,6,4,12,11,8,13,9,11,14,3,10,9,12,3,4,12,18,8,4,7,6,6,14,8,6,9,7,4,6,5,10,6,2
开奇网,fe60d485a9d4d4d3,0,393,316,421,375,381,466,497,529,500,555,537,538,526,512,525,547,582,630,571,556,593,566,550,612,649,635,566,577,517,536,621,588,512,583
宜搜,8b3a0ab50cda2221,0,3,1,3,1,4,3,5,6,1,2,3,7,6,5,4,22,31,45,39,47,44,55,40,34,41,33,34,41,39,46,35,32,24,36
手机软件园,fa0e1a2fd2d5462a,0,36,53,54,62,59,49,64,64,63,70,53,49,49,45,48,41,44,44,47,37,42,52,34,42,45,34,36,34,38,47,42,46,30,21
138chi,6c67e976f2db8b82,0,13,15,14,11,9,6,6,10,11,4,5,6,6,6,4,5,7,2,5,5,4,4,5,4,3,2,3,3,2,2,1,2,4,4
劲手,b2965d978cbd0433,0,0,0,0,0,0,0,0,0,0,0,0,0,0,0,0,0,0,0,0,0,0,0,0,0,0,0,0,0,0,0,0,0,0,0
eoe,a3fb0f02be93dd39,0,65,59,61,51,57,56,63,72,72,86,80,81,101,104,90,85,122,96,82,98,91,97,84,96,105,78,91,99,91,100,102,103,91,99
华军软件园,01a952bc409149bb,0,0,0,0,0,0,0,0,0,0,0,0,0,0,0,0,1,1,1,3,2,4,3,7,6,7,6,6,6,9,7,5,5,5,7
安丰市场,246431beb756cf2c,0,336,308,260,291,244,254,241,237,218,233,227,208,188,184,188,170,176,181,150,166,162,162,144,175,141,146,141,133,110,145,135,158,117,106
应用汇,f8c63448a19b130a,0,975,2662,4797,5922,5892,6603,7003,7278,7628,8477,8682,8007,8284,8584,8813,8939,10035,10871,10109,10319,11053,11391,11259,12815,14077,12835,13209,13661,13577,13169,14319,14846,13162,13164
公信市场,a411f7aec57644a1,0,1,0,0,0,0,1,0,0,0,0,0,0,0,0,0,0,0,0,0,0,0,0,0,0,0,0,0,0,0,0,0,0,0,0
